0 9.999919e-01
1 7.210957e-01
2 4.811208e-01
3 2.947574e-01
4 2.271981e-01
5 1.533231e-01
6 1.195975e-01
7 1.062558e-01
8 8.554248e-02
9 1.099307e-01
10 1.142290e-01
11 1.497506e-01
12 2.245600e-01
13 3.389057e-01
14 4.450091e-01
15 7.002054e-01
0 9.999668e-01
1 6.678223e-01
2 4.703564e-01
3 3.113637e-01
4 2.114632e-01
5 1.745600e-01
6 1.079536e-01
7 1.077374e-01
8 1.103419e-01
9 9.264570e-02
10 1.004132e-01
11 1.726074e-01
12 2.280918e-01
13 3.323247e-01
14 4.596325e-01
15 6.954322e-01
0 9.997275e-01
1 6.607101e-01
2 4.338984e-01
3 3.276549e-01
4 2.437030e-01
5 1.662066e-01
6 1.154632e-01
7 9.459199e-02
8 9.010860e-02
9 1.067548e-01
10 1.235816e-01
11 1.433158e-01
12 2.427725e-01
13 3.253108e-01
14 4.411591e-01
15 6.809193e-01
0 9.993330e-01
1 6.595128e-01
2 4.621871e-01
3 3.236504e-01
4 2.430477e-01
5 1.570671e-01
6 1.341144e-01
7 8.575757e-02
8 8.665536e-02
9 9.870846e-02
10 1.050078e-01
11 1.613132e-01
12 2.293715e-01
13 3.211936e-01
14 4.653132e-01
15 6.711755e-01
0 9.999211e-01
1 6.854100e-01
