0 9.999868e-01
1 9.858926e-01
2 9.633938e-01
3 9.599524e-01
4 9.486969e-01
5 9.308470e-01
6 9.281402e-01
7 9.284481e-01
8 9.355009e-01
9 9.315956e-01
10 9.455527e-01
11 9.404500e-01
12 9.559022e-01
13 9.614512e-01
14 9.696954e-01
15 9.813852e-01
0 9.999600e-01
1 9.821482e-01
2 9.728544e-01
3 9.561798e-01
4 9.479490e-01
5 9.369986e-01
6 9.378843e-01
7 9.349095e-01
8 9.227476e-01
9 9.286055e-01
10 9.368500e-01
11 9.426885e-01
12 9.505007e-01
13 9.542372e-01
14 9.706050e-01
15 9.804976e-01
0 9.999999e-01
1 9.849998e-01
2 9.723969e-01
3 9.603997e-01
4 9.495808e-01
5 9.475011e-01
6 9.224513e-01
7 9.352046e-01
8 9.434532e-01
9 9.357842e-01
10 9.380510e-01
11 9.421011e-01
12 9.427035e-01
13 9.528929e-01
14 9.704538e-01
15 9.837952e-01
0 9.999894e-01
1 9.855980e-01
2 9.741983e-01
3 9.603986e-01
4 9.459970e-01
5 9.356490e-01
6 9.304049e-01
7 9.176446e-01
8 9.425432e-01
9 9.359503e-01
10 9.371484e-01
11 9.362553e-01
12 9.516963e-01
13 9.668482e-01
14 9.647288e-01
15 9.801974e-01
0 9.999888e-01
1 9.848482e-01
2 9.677526e-01
3 9.542532e-01
4 9.490040e-01
5 9.391032e-01
6 9.369977e-01
7 9.300992e-01
8 9.224489e-01
9 9.347531e-01
10 9.281476e-01
11 9.413474e-01
12 9.403037e-01
13 9.609996e-01
14 9.711933e-01
15 9.839500e-01
0 9.999959e-01
1 9.843928e-01
2 9.725288e-01
3 9.639923e-01
4 9.545507e-01
5 9.435987e-01
6 9.331072e-01
7 9.310195e-01
8 9.307000e-01
9 9.342961e-01
10 9.352005e-01
11 9.465933e-01
12 9.482521e-01
13 9.590504e-01
14 9.677483e-01
15 9.863482e-01
0 9.999950e-01
1 9.876893e-01
2 9.697029e-01
3 9.657983e-01
4 9.501982e-01
5 9.425519e-01
6 9.369974e-01
7 9.336974e-01
8 9.275491e-01
9 9.365500e-01
10 9.365524e-01
11 9.404449e-01
12 9.528956e-01
13 9.602601e-01
14 9.695443e-01
15 9.843982e-01
0 9.999932e-01
1 9.837986e-01
2 9.659370e-01
3 9.636959e-01
4 9.504968e-01
5 9.456896e-01
6 9.414988e-01
7 9.383481e-01
8 9.284461e-01
9 9.312996e-01
10 9.272611e-01
11 9.392576e-01
12 9.455522e-01
13 9.590361e-01
14 9.655017e-01
15 9.878424e-01
0 9.999979e-01
1 9.836453e-01
2 9.686516e-01
3 9.617417e-01
4 9.352021e-01
5 9.386571e-01
6 9.400011e-01
7 9.347525e-01
8 9.376019e-01
9 9.301023e-01
10 9.413471e-01
11 9.358017e-01
12 9.507978e-01
13 9.473445e-01
14 9.718022e-01
15 9.816974e-01
0 9.999944e-01
1 9.839501e-01
2 9.728511e-01
3 9.590527e-01
4 9.494503e-01
5 9.408986e-01
6 9.385033e-01
7 9.266487e-01
8 9.334008e-01
9 9.417995e-01
10 9.416471e-01
11 9.498957e-01
12 9.485447e-01
13 9.646035e-01
14 9.727006e-01
15 9.825997e-01
