1.000000e-02 3.771250e-04 3.173732e-01 1.251236e-01 2.937114e-02
5.100000e-01 4.275039e-04 3.151242e-01 1.234304e-01 2.859181e-02
1.010000e+00 8.395469e-05 2.458098e-01 7.592023e-02 1.105032e-02
1.510000e+00 -6.196953e-05 1.873735e-01 4.435827e-02 3.846312e-03
2.010000e+00 -8.280547e-05 1.625455e-01 3.345855e-02 2.202749e-03
2.510000e+00 5.912500e-05 1.495897e-01 2.834943e-02 1.583808e-03
3.010000e+00 -6.101563e-05 1.416055e-01 2.543703e-02 1.279598e-03
3.510000e+00 -5.431484e-05 1.365133e-01 2.363336e-02 1.103602e-03
4.010000e+00 -5.399375e-05 1.327526e-01 2.236240e-02 9.903767e-04
4.510000e+00 1.749297e-04 1.298715e-01 2.140185e-02 9.071624e-04
5.010000e+00 -3.627148e-04 1.278364e-01 2.073539e-02 8.509935e-04
5.510000e+00 -3.184297e-05 1.261667e-01 2.020876e-02 8.092655e-04
6.010000e+00 -1.807133e-04 1.247151e-01 1.973981e-02 7.717527e-04
6.510000e+00 2.543758e-04 1.235658e-01 1.937522e-02 7.434327e-04
7.010000e+00 -1.057227e-04 1.227701e-01 1.912252e-02 7.237013e-04
7.510000e+00 -1.148469e-04 1.218397e-01 1.883092e-02 7.020214e-04
8.010000e+00 7.646641e-05 1.211207e-01 1.861959e-02 6.866355e-04
8.510000e+00 -1.764547e-04 1.201721e-01 1.832610e-02 6.657354e-04
9.010000e+00 4.124828e-04 1.196711e-01 1.818670e-02 6.560708e-04
9.510000e+00 2.677656e-05 1.193276e-01 1.807538e-02 6.470167e-04
1.001000e+01 1.112312e-04 1.189004e-01 1.793246e-02 6.358302e-04
1.051000e+01 -7.111953e-05 1.185351e-01 1.783711e-02 6.312083e-04
1.101000e+01 2.128187e-04 1.181902e-01 1.774062e-02 6.241180e-04
1.151000e+01 -4.526094e-05 1.177405e-01 1.759580e-02 6.129609e-04
1.201000e+01 -2.832148e-04 1.174856e-01 1.753188e-02 6.103976e-04
1.251000e+01 -4.743359e-05 1.170057e-01 1.739012e-02 6.000192e-04
1.301000e+01 2.832391e-04 1.170272e-01 1.738416e-02 5.991399e-04
1.351000e+01 -1.221852e-04 1.165538e-01 1.725401e-02 5.908487e-04
1.401000e+01 -5.329438e-04 1.163635e-01 1.719237e-02 5.860276e-04
1.451000e+01 -2.196758e-04 1.161430e-01 1.712611e-02 5.815116e-04
1.501000e+01 -7.835938e-07 1.160814e-01 1.709943e-02 5.788720e-04
1.551000e+01 1.038391e-04 1.158891e-01 1.706124e-02 5.777984e-04
1.601000e+01 9.633437e-05 1.155651e-01 1.696250e-02 5.708414e-04
1.651000e+01 1.036117e-04 1.156790e-01 1.698026e-02 5.707072e-04
1.701000e+01 7.295547e-05 1.155191e-01 1.694607e-02 5.693925e-04
1.751000e+01 4.378492e-04 1.156037e-01 1.696123e-02 5.697429e-04
1.801000e+01 -3.174430e-04 1.151643e-01 1.683985e-02 5.622374e-04
1.851000e+01 2.156641e-04 1.149380e-01 1.677314e-02 5.582845e-04
1.901000e+01 -1.811422e-04 1.149205e-01 1.676974e-02 5.575510e-04
1.951000e+01 2.871484e-05 1.146436e-01 1.668688e-02 5.518842e-04
2.001000e+01 2.422820e-04 1.148915e-01 1.675249e-02 5.558102e-04
2.051000e+01 2.000687e-04 1.148219e-01 1.674602e-02 5.569440e-04
2.101000e+01 -5.563086e-04 1.144418e-01 1.662963e-02 5.484832e-04
2.151000e+01 -2.452461e-04 1.144241e-01 1.663093e-02 5.494958e-04
2.201000e+01 5.064531e-05 1.142962e-01 1.658545e-02 5.454716e-04
2.251000e+01 -2.223875e-04 1.143602e-01 1.661077e-02 5.478371e-04
2.301000e+01 -4.207813e-06 1.141267e-01 1.653685e-02 5.419477e-04
2.351000e+01 -3.116094e-04 1.142082e-01 1.655501e-02 5.426238e-04
2.401000e+01 3.224898e-04 1.138537e-01 1.645062e-02 5.360986e-04
