1.000000e-03 5.110311e-03 9.987100e-01 3.743633e-01 6.761587e-02
1.010000e-01 3.510436e-05 9.987124e-01 3.742274e-01 6.747025e-02
2.010000e-01 -3.251463e-03 9.987092e-01 3.745788e-01 6.776115e-02
3.010000e-01 2.522663e-03 9.987088e-01 3.742716e-01 6.757106e-02
4.010000e-01 -1.854325e-03 9.987105e-01 3.741338e-01 6.740690e-02
5.010000e-01 -6.721685e-04 9.987056e-01 3.728878e-01 6.635347e-02
6.010000e-01 1.314557e-03 9.987046e-01 3.672275e-01 6.194791e-02
7.010000e-01 -2.300781e-03 9.987016e-01 3.602154e-01 5.668878e-02
8.010000e-01 3.048529e-03 9.986969e-01 3.536969e-01 5.177179e-02
9.010000e-01 -1.284765e-03 9.987027e-01 3.489499e-01 4.831676e-02
1.001000e+00 2.371847e-03 9.986968e-01 3.463378e-01 4.641858e-02
1.101000e+00 -2.657688e-04 9.986962e-01 3.441161e-01 4.484356e-02
1.201000e+00 1.018851e-03 9.987001e-01 3.427784e-01 4.390479e-02
1.301000e+00 3.216018e-03 9.987011e-01 3.415186e-01 4.302643e-02
1.401000e+00 -2.748079e-04 9.986990e-01 3.406226e-01 4.238977e-02
1.501000e+00 -1.730329e-03 9.986989e-01 3.396802e-01 4.174785e-02
1.601000e+00 6.182665e-04 9.986990e-01 3.394017e-01 4.154725e-02
1.701000e+00 2.969478e-04 9.987025e-01 3.387861e-01 4.111882e-02
1.801000e+00 7.223975e-04 9.986965e-01 3.386476e-01 4.103038e-02
1.901000e+00 -1.199042e-03 9.987004e-01 3.384062e-01 4.086832e-02
2.001000e+00 2.568578e-03 9.987009e-01 3.382642e-01 4.076456e-02
2.101000e+00 2.005400e-03 9.987018e-01 3.379592e-01 4.055623e-02
2.201000e+00 -2.154922e-03 9.986994e-01 3.377943e-01 4.043682e-02
2.301000e+00 -1.110502e-03 9.986947e-01 3.375913e-01 4.030569e-02
2.401000e+00 -6.145803e-04 9.986987e-01 3.371874e-01 4.003258e-02
2.501000e+00 6.262295e-04 9.987049e-01 3.373529e-01 4.013693e-02
2.601000e+00 -1.946444e-03 9.986987e-01 3.369719e-01 3.987644e-02
2.701000e+00 2.120548e-04 9.986951e-01 3.371178e-01 3.998127e-02
2.801000e+00 1.314302e-03 9.986974e-01 3.369905e-01 3.988194e-02
2.901000e+00 2.469838e-03 9.987002e-01 3.369162e-01 3.983744e-02
3.001000e+00 -2.157635e-03 9.987012e-01 3.368058e-01 3.976947e-02
3.101000e+00 2.059888e-03 9.986995e-01 3.368151e-01 3.977408e-02
3.201000e+00 -8.552834e-04 9.987003e-01 3.365866e-01 3.961006e-02
3.301000e+00 2.044035e-03 9.987017e-01 3.364116e-01 3.950284e-02
3.401000e+00 1.087528e-03 9.986982e-01 3.364828e-01 3.954164e-02
3.501000e+00 -1.545161e-04 9.986985e-01 3.364055e-01 3.949111e-02
3.601000e+00 -1.240692e-04 9.987024e-01 3.361855e-01 3.934370e-02
3.701000e+00 -1.227376e-04 9.986996e-01 3.361851e-01 3.934091e-02
3.801000e+00 3.115440e-03 9.986976e-01 3.363536e-01 3.945292e-02
3.901000e+00 -6.568687e-04 9.986997e-01 3.362998e-01 3.941654e-02
4.001000e+00 2.379081e-03 9.986998e-01 3.362275e-01 3.938311e-02
4.101000e+00 -3.285568e-03 9.987038e-01 3.360084e-01 3.922933e-02
4.201000e+00 2.860353e-03 9.986994e-01 3.360874e-01 3.927757e-02
4.301000e+00 2.126439e-03 9.986976e-01 3.358849e-01 3.913755e-02
4.401000e+00 2.993916e-04 9.986998e-01 3.361939e-01 3.934820e-02
4.501000e+00 3.206369e-03 9.986974e-01 3.357990e-01 3.907849e-02
4.601000e+00 6.068040e-03 9.986962e-01 3.360609e-01 3.925674e-02
4.701000e+00 -1.530336e-03 9.986956e-01 3.360863e-01 3.927836e-02
4.801000e+00 -1.377771e-04 9.987015e-01 3.357785e-01 3.906878e-02
4.901000e+00 -6.295795e-04 9.986988e-01 3.359376e-01 3.918619e-02
5.001000e+00 1.262324e-03 9.987004e-01 3.359092e-01 3.915095e-02
5.101000e+00 1.660987e-03 9.986995e-01 3.359983e-01 3.921952e-02
5.201000e+00 2.913197e-04 9.986965e-01 3.358850e-01 3.913781e-02
5.301000e+00 -1.547178e-03 9.986956e-01 3.360320e-01 3.924053e-02
5.401000e+00 1.589471e-03 9.986970e-01 3.360169e-01 3.923377e-02
5.501000e+00 -7.201548e-04 9.987028e-01 3.357270e-01 3.902983e-02
5.601000e+00 2.978902e-03 9.986973e-01 3.357893e-01 3.906945e-02
5.701000e+00 1.125280e-03 9.987036e-01 3.357561e-01 3.905851e-02
5.801000e+00 1.371697e-03 9.986966e-01 3.358729e-01 3.912810e-02
5.901000e+00 -1.316701e-03 9.986981e-01 3.357136e-01 3.902842e-02
6.001000e+00 7.000172e-04 9.986982e-01 3.356231e-01 3.896035e-02
6.101000e+00 -7.110032e-04 9.987005e-01 3.358322e-01 3.910062e-02
6.201000e+00 3.084058e-03 9.987015e-01 3.356839e-01 3.900344e-02
6.301000e+00 1.370997e-03 9.987017e-01 3.356542e-01 3.898164e-02
6.401000e+00 2.373605e-03 9.987013e-01 3.356549e-01 3.898147e-02
6.501000e+00 -1.977686e-03 9.987029e-01 3.357778e-01 3.906969e-02
6.601000e+00 -1.310254e-05 9.987019e-01 3.356379e-01 3.897293e-02
6.701000e+00 -3.038397e-03 9.987018e-01 3.355082e-01 3.888375e-02
6.801000e+00 -6.247881e-04 9.987018e-01 3.356932e-01 3.900976e-02
6.901000e+00 -8.637093e-04 9.987015e-01 3.357259e-01 3.903439e-02
7.001000e+00 -6.423144e-04 9.987002e-01 3.356213e-01 3.895807e-02
7.101000e+00 3.455793e-03 9.987007e-01 3.356621e-01 3.898531e-02
7.201000e+00 -3.286147e-03 9.987026e-01 3.356815e-01 3.899343e-02
7.301000e+00 -2.447199e-03 9.987026e-01 3.356959e-01 3.900496e-02
7.401000e+00 8.675725e-05 9.987027e-01 3.354111e-01 3.881328e-02
7.501000e+00 3.164033e-03 9.986971e-01 3.355628e-01 3.892611e-02
7.601000e+00 4.022324e-03 9.986960e-01 3.356427e-01 3.897173e-02
7.701000e+00 2.221720e-05 9.987007e-01 3.355186e-01 3.889525e-02
7.801000e+00 2.163113e-03 9.986991e-01 3.354403e-01 3.883792e-02
7.901000e+00 1.686921e-03 9.986961e-01 3.355006e-01 3.887486e-02
8.001000e+00 1.781416e-03 9.986985e-01 3.354319e-01 3.883091e-02
8.101000e+00 1.186486e-03 9.986986e-01 3.355572e-01 3.891191e-02
8.201000e+00 -8.566162e-04 9.987006e-01 3.354520e-01 3.884306e-02
8.301000e+00 1.545672e-03 9.986993e-01 3.357056e-01 3.902418e-02
8.401000e+00 2.965240e-03 9.986963e-01 3.355183e-01 3.889613e-02
8.501000e+00 -3.614556e-03 9.987019e-01 3.355912e-01 3.893435e-02
8.601000e+00 1.376043e-04 9.986977e-01 3.355138e-01 3.888895e-02
8.701000e+00 2.134268e-03 9.986983e-01 3.357070e-01 3.901670e-02
8.801000e+00 1.986517e-04 9.986996e-01 3.356900e-01 3.900803e-02
8.901000e+00 4.316220e-03 9.986940e-01 3.356464e-01 3.897290e-02
9.001000e+00 1.984981e-03 9.986950e-01 3.356698e-01 3.899933e-02
9.101000e+00 -9.632919e-04 9.986973e-01 3.353956e-01 3.881028e-02
9.201000e+00 1.356880e-03 9.987011e-01 3.354766e-01 3.886936e-02
9.301000e+00 -1.374008e-03 9.987024e-01 3.354289e-01 3.882925e-02
9.401000e+00 -3.408322e-05 9.987037e-01 3.355589e-01 3.891884e-02
9.501000e+00 -1.325265e-03 9.987007e-01 3.355009e-01 3.887823e-02
9.601000e+00 3.750350e-03 9.986995e-01 3.355525e-01 3.892408e-02
9.701000e+00 5.408033e-06 9.986999e-01 3.353831e-01 3.880183e-02
9.801000e+00 1.042223e-03 9.987023e-01 3.353471e-01 3.876999e-02
