1.000000e-02 8.317187e-04 2.223823e-01 6.225769e-02 7.512657e-03
5.100000e-01 9.389512e-05 2.169140e-01 5.932016e-02 6.821165e-03
1.010000e+00 2.242223e-04 1.262053e-01 2.021347e-02 8.092274e-04
1.510000e+00 -3.431434e-04 9.346966e-02 1.109470e-02 2.442016e-04
2.010000e+00 1.571951e-04 8.104392e-02 8.353153e-03 1.390416e-04
2.510000e+00 1.128338e-04 7.459704e-02 7.067967e-03 9.913621e-05
3.010000e+00 5.412461e-05 7.076765e-02 6.367981e-03 8.076812e-05
3.510000e+00 5.751836e-05 6.815585e-02 5.906759e-03 6.950173e-05
4.010000e+00 1.306340e-04 6.627239e-02 5.591941e-03 6.252432e-05
4.510000e+00 3.437676e-05 6.499161e-02 5.370217e-03 5.731819e-05
5.010000e+00 -4.779395e-05 6.386444e-02 5.188571e-03 5.370858e-05
5.510000e+00 -3.055725e-04 6.303992e-02 5.058516e-03 5.113209e-05
6.010000e+00 1.240328e-04 6.232375e-02 4.941331e-03 4.871437e-05
6.510000e+00 4.355055e-04 6.170449e-02 4.841111e-03 4.671666e-05
7.010000e+00 -2.216094e-04 6.106820e-02 4.749440e-03 4.503355e-05
7.510000e+00 -1.928217e-04 6.062139e-02 4.676462e-03 4.359017e-05
8.010000e+00 5.850156e-05 6.044032e-02 4.646416e-03 4.304198e-05
8.510000e+00 1.659361e-04 6.005641e-02 4.587681e-03 4.195320e-05
9.010000e+00 -6.618359e-05 5.982062e-02 4.553021e-03 4.138386e-05
9.510000e+00 1.098133e-04 5.950568e-02 4.504206e-03 4.042755e-05
1.001000e+01 -1.526949e-04 5.926837e-02 4.470507e-03 3.992310e-05
1.051000e+01 -1.425430e-04 5.903242e-02 4.435956e-03 3.935560e-05
1.101000e+01 -5.657422e-05 5.888287e-02 4.410324e-03 3.879589e-05
1.151000e+01 3.696115e-04 5.886925e-02 4.404388e-03 3.858769e-05
1.201000e+01 5.201670e-04 5.856248e-02 4.365602e-03 3.803464e-05
1.251000e+01 -1.930660e-04 5.872353e-02 4.392716e-03 3.865256e-05
1.301000e+01 -1.268762e-04 5.859199e-02 4.364890e-03 3.793269e-05
1.351000e+01 -5.141563e-05 5.820404e-02 4.309781e-03 3.707205e-05
1.401000e+01 -1.691205e-04 5.809983e-02 4.301353e-03 3.703981e-05
1.451000e+01 -9.262695e-05 5.804001e-02 4.283984e-03 3.653840e-05
1.501000e+01 2.799936e-04 5.797238e-02 4.273168e-03 3.628071e-05
1.551000e+01 -8.380801e-05 5.785670e-02 4.264767e-03 3.640627e-05
1.601000e+01 1.216668e-04 5.798264e-02 4.281774e-03 3.665531e-05
1.651000e+01 -4.887770e-04 5.781925e-02 4.254561e-03 3.613664e-05
1.701000e+01 -6.091895e-05 5.769408e-02 4.235486e-03 3.581694e-05
1.751000e+01 -3.198219e-04 5.745116e-02 4.201853e-03 3.525608e-05
1.801000e+01 2.156535e-04 5.756696e-02 4.216756e-03 3.549169e-05
1.851000e+01 -5.464297e-05 5.755481e-02 4.216058e-03 3.547771e-05
1.901000e+01 -2.287180e-04 5.740454e-02 4.191298e-03 3.505428e-05
1.951000e+01 -5.831328e-05 5.736302e-02 4.184098e-03 3.485391e-05
2.001000e+01 -8.772793e-05 5.730234e-02 4.183112e-03 3.501989e-05
2.051000e+01 -9.808203e-05 5.705599e-02 4.139996e-03 3.415646e-05
2.101000e+01 1.723105e-04 5.718004e-02 4.158379e-03 3.447413e-05
2.151000e+01 -1.354197e-04 5.726835e-02 4.171060e-03 3.468580e-05
2.201000e+01 3.148691e-05 5.709360e-02 4.143594e-03 3.416685e-05
2.251000e+01 2.905059e-05 5.699665e-02 4.133001e-03 3.399330e-05
2.301000e+01 9.394375e-05 5.721661e-02 4.165008e-03 3.460555e-05
2.351000e+01 1.694641e-04 5.714565e-02 4.157689e-03 3.450770e-05
2.401000e+01 2.432840e-04 5.702665e-02 4.141535e-03 3.434407e-05
