1.000000e-03 6.044781e-04 1.568571e-01 3.120835e-02 1.929218e-03
5.010000e-01 1.242292e-04 1.429158e-01 2.590331e-02 1.323776e-03
1.001000e+00 2.364994e-04 6.343891e-02 5.119216e-03 5.222478e-05
1.501000e+00 -7.815437e-05 4.687764e-02 2.796452e-03 1.559890e-05
2.001000e+00 -1.911298e-04 4.050099e-02 2.089943e-03 8.757553e-06
2.501000e+00 -2.322183e-04 3.733133e-02 1.774484e-03 6.295365e-06
3.001000e+00 1.651324e-04 3.517682e-02 1.576145e-03 4.975670e-06
3.501000e+00 2.163261e-04 3.401865e-02 1.474371e-03 4.351565e-06
4.001000e+00 -4.651279e-05 3.301890e-02 1.386741e-03 3.829501e-06
4.501000e+00 4.757529e-05 3.241230e-02 1.337404e-03 3.576756e-06
5.001000e+00 1.978003e-05 3.181405e-02 1.288363e-03 3.308328e-06
5.501000e+00 -8.493967e-05 3.144999e-02 1.259503e-03 3.169984e-06
6.001000e+00 1.776242e-04 3.108625e-02 1.232842e-03 3.062704e-06
6.501000e+00 3.068055e-04 3.084919e-02 1.210333e-03 2.904383e-06
7.001000e+00 -1.319116e-04 3.055735e-02 1.190538e-03 2.841210e-06
7.501000e+00 8.128413e-05 3.040644e-02 1.177589e-03 2.773960e-06
8.001000e+00 -1.301119e-04 3.018107e-02 1.160211e-03 2.702209e-06
8.501000e+00 1.099414e-04 2.992377e-02 1.139805e-03 2.593587e-06
9.001000e+00 5.585767e-06 2.982826e-02 1.134173e-03 2.586269e-06
9.501000e+00 1.232800e-05 2.974324e-02 1.124790e-03 2.514270e-06
1.000100e+01 4.907870e-04 2.959401e-02 1.115018e-03 2.483117e-06
1.050100e+01 8.891113e-07 2.964521e-02 1.118547e-03 2.498626e-06
1.100100e+01 -1.078952e-04 2.969674e-02 1.121952e-03 2.510009e-06
1.150100e+01 4.196143e-05 2.922650e-02 1.086679e-03 2.354720e-06
1.200100e+01 2.325126e-04 2.932633e-02 1.094784e-03 2.392330e-06
1.250100e+01 1.477177e-04 2.922309e-02 1.086795e-03 2.359908e-06
1.300100e+01 2.425308e-04 2.911342e-02 1.077749e-03 2.311360e-06
1.350100e+01 1.579308e-04 2.910426e-02 1.078188e-03 2.323853e-06
1.400100e+01 5.129856e-05 2.923395e-02 1.087609e-03 2.364211e-06
1.450100e+01 -2.149687e-04 2.915117e-02 1.083175e-03 2.353986e-06
1.500100e+01 1.955424e-04 2.890397e-02 1.062592e-03 2.248148e-06
1.550100e+01 1.245654e-04 2.887071e-02 1.061131e-03 2.255676e-06
1.600100e+01 -1.323995e-04 2.892296e-02 1.066160e-03 2.278681e-06
1.650100e+01 -1.196190e-04 2.881267e-02 1.056829e-03 2.229153e-06
1.700100e+01 -2.581818e-04 2.896755e-02 1.067535e-03 2.274987e-06
1.750100e+01 2.873469e-04 2.865326e-02 1.045646e-03 2.186857e-06
1.800100e+01 -1.524161e-04 2.889717e-02 1.062773e-03 2.256834e-06
1.850100e+01 7.210059e-06 2.882982e-02 1.057808e-03 2.234546e-06
1.900100e+01 8.753506e-05 2.869009e-02 1.048955e-03 2.204055e-06
1.950100e+01 -4.213188e-05 2.871381e-02 1.049713e-03 2.201462e-06
2.000100e+01 1.589990e-04 2.855607e-02 1.038899e-03 2.162073e-06
2.050100e+01 1.437903e-04 2.861338e-02 1.043762e-03 2.186809e-06
2.100100e+01 -2.277034e-04 2.864725e-02 1.042330e-03 2.155683e-06
2.150100e+01 4.616370e-05 2.847915e-02 1.032364e-03 2.132201e-06
2.200100e+01 9.684480e-05 2.847155e-02 1.030677e-03 2.113496e-06
2.250100e+01 8.264453e-05 2.845384e-02 1.032125e-03 2.144149e-06
2.300100e+01 -2.071535e-04 2.848932e-02 1.031587e-03 2.110758e-06
2.350100e+01 -1.756145e-04 2.853171e-02 1.036454e-03 2.146895e-06
2.400100e+01 -2.640288e-04 2.850380e-02 1.034953e-03 2.141605e-06
